1000
1
196353532
160477 3214
2
1749698982
124608 1742
3
561822495
144417 4076
4
1895905476
47060 2115
5
1724353648
152508 1170
6
1173226735
111096 1607
7
1427103476
144919 2860
8
843863430
199293 1918
9
878599669
130544 4341
10
1024596666
109829 198
11
624303464
117618 2767
12
709957833
28982 3154
13
455601326
10034 775
14
2009977908
109875 4579
15
837286239
115489 2573
16
1142331916
48870 2331
17
433552509
65101 2067
18
1567770514
174268 696
19
1572306677
134777 2234
20
1555232097
53437 2112
21
671839919
155732 4269
22
7213944
192186 2542
23
1674169788
43051 4573
24
1694015303
114920 2696
25
1423696180
161 3449
26
1518731112
152397 3135
27
315712017
8020 3922
28
2071954609
53706 4525
29
1402208445
123922 1051
30
1532891168
194965 392
31
1967777708
174958 640
32
2002733793
69802 2616
33
194719874
102319 4150
34
24105917
8228 3739
35
1698169785
29690 4770
36
491326074
169676 2231
37
444822142
131697 550
38
901332419
157571 2147
39
1165720856
108318 2181
40
1708735315
51349 4476
41
2028012983
99573 3623
42
1548330050
41382 270
43
415977533
41200 3294
44
1773385837
140548 2405
45
582847284
11034 2397
46
1027413019
49403 3290
47
548002990
183832 1413
48
65561100
189333 570
49
129202056
10094 3137
50
278942312
133651 4335
51
849869340
138202 2234
52
1874330602
30396 3422
53
864169726
110793 3387
54
612892929
114098 1068
55
972317479
156217 3218
56
572540302
173700 654
57
593283688
27461 3289
58
1115388963
172097 4990
59
1947829177
91455 3958
60
62556867
102730 69
61
922034832
192909 1804
62
961554228
104661 2075
63
1895338146
190679 2799
64
222660898
54118 1075
65
1011403034
27065 1085
66
1914673763
51194 4096
67
1146778697
170954 1328
68
2037599309
154604 2333
69
1170749060
166500 1221
70
1415339211
158830 482
71
485249781
106462 4152
72
2030025437
54270 3892
73
1188632893
54485 3368
74
430910087
144075 4790
75
931611523
197989 3570
76
836035758
175813 2580
77
1117509025
11573 4561
78
885684151
27870 3461
79
431089750
192822 3067
80
170583689
27857 2492
81
781046897
78242 1938
82
100661010
165548 3673
83
527233562
73331 3085
84
1207695391
152894 1739
85
473554791
65034 3517
86
934340594
89057 692
87
887687083
92032 937
88
19495335
149626 1659
89
268679659
108334 4686
90
1380476677
189741 1439
91
957548828
101643 595
92
942927645
193322 1473
93
1107573739
14332 1750
94
650264468
131255 2065
95
1244775389
127994 4039
96
1562670880
58098 1446
97
214455505
119442 4827
98
362306425
174833 3944
99
1254379005
107197 1777
100
996207472
77852 4414
101
1209564310
28115 27
102
423006122
60306 4320
103
1099587221
102010 3306
104
87849226
181849 4547
105
1104623868
28720 3784
106
728245093
35562 2454
107
692066637
192983 326
108
1556946408
153771 36
109
547650786
60094 4638
110
1328812032
8535 1129
111
507306753
30896 1114
112
209918561
146220 4335
113
761841591
143287 985
114
1827444566
62174 4645
115
2062611844
120157 834
116
1154614305
164975 4049
117
576064281
33432 1794
118
326397655
169053 1844
119
2001701005
102247 1752
120
9160909
144972 1854
121
225279103
103069 4344
122
612850996
99365 2266
123
799770039
191759 1936
124
1325174334
100226 3729
125
374380825
65187 2652
126
1556990126
12397 1877
127
2022366635
40067 4584
128
1191378529
174334 1466
129
1429258689
54307 4589
130
1951028226
87081 4055
131
261665889
169126 4500
132
1961569456
13441 3847
133
322172179
78607 2627
134
1189496827
84481 1952
135
1028176524
24386 4760
136
1602450918
4598 2698
137
845284883
173326 3967
138
1623799397
4706 6
139
1729829141
174997 569
140
1464573833
18961 4050
141
598917618
158702 4092
142
1452521734
37787 4775
143
1676578622
103861 570
144
12081164
105791 2367
145
471222659
166312 4844
146
365677224
131692 79
147
712498955
44373 880
148
773320123
21338 1677
149
1061459216
28973 2966
150
569584794
5578 1430
151
1057240744
51262 1996
152
1222005080
61395 3471
153
1398675474
104038 789
154
113390607
190152 2238
155
958066413
127374 1076
156
989807993
63716 4373
157
775773267
47475 4425
158
1388932687
134991 1858
159
27000205
172363 2825
160
368857366
107031 4193
161
1856901801
15766 1684
162
563998479
124735 2244
163
1612839580
111690 1130
164
771238265
174566 1620
165
1668223990
198043 3129
166
1923505261
45349 1229
167
1469791771
115203 3557
168
465254631
88084 1539
169
1120644488
92042 3107
170
1566946370
82938 4805
171
528440910
127742 4870
172
265729723
112575 3399
173
1064004433
11049 1889
174
1557414862
168827 2559
175
1763880748
115006 1237
176
1873804221
154434 2177
177
574964956
24117 2607
178
1887907273
35159 2216
179
1983677427
431 2424
180
1829624362
126126 3840
181
683406012
169925 4121
182
22186066
149536 2397
183
1349915410
144488 3862
184
1461532001
61001 4872
185
1263355526
60888 561
186
1510083735
25666 3398
187
1193675932
11483 4972
188
1728818580
146248 4620
189
1368911587
198793 3272
190
886179377
13301 3371
191
808365974
30853 2904
192
96401149
137119 4279
193
784894684
118030 905
194
1177133420
155398 4633
195
1583397240
112091 3863
196
537961980
38746 448
197
251514212
57776 4401
198
422364845
188169 1214
199
546413894
38922 1081
200
1356996419
109279 4004
201
459713417
190370 4738
202
406452468
169509 3687
203
1077178450
10655 2029
204
104905291
9281 3251
205
409697653
145144 2523
206
2067964165
105324 1433
207
1954264334
59093 4767
208
274546607
41832 2408
209
1669395249
11228 1246
210
367507871
106135 3821
211
1119158486
30265 587
212
427063982
87919 3591
213
789100232
33356 3159
214
126355882
113994 210
215
2078716618
394 3585
216
2028933820
122284 722
217
542590252
74995 3141
218
1494715945
121478 1842
219
1430308658
152524 698
220
207922302
67029 5000
221
798910408
74996 2315
222
131320022
159187 3278
223
1072459801
166194 4939
224
1557306497
195740 3463
225
1218139347
68939 2101
226
847148277
100537 3739
227
2080875240
58133 1562
228
963016097
85371 2534
229
1761656776
47814 968
230
294748863
168532 809
231
1781667128
26426 1325
232
1601177856
85271 3120
233
166977531
60520 1312
234
1166776176
136973 800
235
1346010798
77510 2213
236
273759656
191817 345
237
656708430
146849 3219
238
246411253
127213 1728
239
2024620233
140831 1552
240
1636580036
151945 2494
241
117318718
93972 3204
242
853696316
57901 1935
243
1053046667
30603 2132
244
1756975312
13485 2747
245
1381886243
19087 4692
246
1964605639
108737 2181
247
636579754
87356 1225
248
802845110
147654 3512
249
1621135102
175055 797
250
714307084
115054 3966
251
94227312
135726 4271
252
1817279862
100062 1278
253
95263437
126334 4422
254
1189123292
69886 1336
255
1542645900
144623 3386
256
198612938
172958 3053
257
1754363914
175476 352
258
417856539
155532 2545
259
1674786916
137089 263
260
2052372956
156145 3304
261
718594322
27856 763
262
1374986633
39828 3025
263
1197233433
56643 3055
264
2030977505
157157 3078
265
1562459190
125802 976
266
1303762086
48672 1298
267
1467459103
45686 2319
268
974540493
81643 4845
269
1231145834
147884 4199
270
922954935
175508 4387
271
1188708996
194850 181
272
484388393
72432 728
273
401288335
165641 1271
274
605157358
181662 2460
275
1784782531
14623 330
276
1435189769
18719 4386
277
626673767
1613 2276
278
122577326
78982 1812
279
1889875020
111864 1534
280
1276175650
119549 3772
281
1752264221
87451 1546
282
1733600756
18198 4942
283
276689052
90354 3757
284
809169665
47016 1217
285
786299254
129597 4012
286
498517978
150190 1201
287
1506466300
191091 1724
288
1480505950
110003 1121
289
1076003232
122078 2687
290
1014063422
15983 3262
291
176093151
49606 4495
292
52772758
63017 1827
293
528559774
108379 1217
294
508445065
141258 2124
295
128396516
35779 4115
296
1858131263
84773 4275
297
1330606933
171456 4761
298
907391378
127660 4544
299
137842798
130068 2123
300
1215901918
98899 4332
301
169859671
34816 3258
302
1907913232
147326 1758
303
1781121115
84399 686
304
468526478
171430 3923
305
1966037602
137759 720
306
1471593130
174483 3363
307
2055314167
137737 2945
308
893472478
53616 3308
309
1224584497
61134 2204
310
187959923
44382 2410
311
941209902
96262 2127
312
585024788
142539 4100
313
2049949206
191763 2769
314
1998400862
87379 4478
315
204474797
71331 3453
316
1352277836
114741 711
317
182908093
149993 3891
318
112350942
82482 4285
319
780120499
78335 4741
320
265756936
127452 2214
321
1772089314
173306 961
322
1762688154
54044 1656
323
261579284
36191 373
324
535261036
49481 4696
325
962077218
175486 3661
326
1210505162
96992 4044
327
1686291303
181122 3156
328
731095266
59880 3685
329
1403109372
199422 2073
330
1254662497
192655 2065
331
1662064286
64109 2830
332
1656833170
63118 4009
333
389815267
118631 3477
334
553724265
145378 2671
335
42959332
17135 3866
336
2065696012
14397 2525
337
565512781
116578 3053
338
1773859493
182128 2225
339
1309095739
83583 2526
340
1341635060
139839 2864
341
1702660312
8358 2360
342
952281860
161378 4819
343
401687927
174803 4953
344
1191713191
18474 2382
345
721665129
158304 629
346
93621885
25742 1509
347
1802850699
177305 1667
348
986543450
186125 2300
349
987697159
140859 3132
350
801780225
26423 261
351
1225420410
191246 2665
352
584555622
73280 2597
353
2012380504
33097 2978
354
1121336466
23661 3099
355
1019335135
69552 4487
356
1818508460
197775 251
357
1214368963
16132 2968
358
1076147322
164358 1862
359
1683407650
113557 2796
360
1150170651
174155 1609
361
1983200042
152758 4935
362
1104520862
132159 3164
363
1822475072
47846 4924
364
1418295127
114742 2845
365
1192727370
105088 2946
366
859639288
3323 128
367
433359677
56750 4509
368
11475324
83088 3586
369
417687738
174910 599
370
959634654
51747 4843
371
197054739
26991 1795
372
1040637067
155481 3879
373
752772175
44986 4466
374
201943885
80117 1062
375
56370031
142226 1546
376
31827279
116809 1208
377
2046976251
52800 58
378
1565481164
163191 649
379
2071089152
187736 132
380
1422854707
12975 120
381
1295600053
151983 3036
382
690991740
132312 1842
383
278534019
69085 4994
384
285051522
38951 93
385
913609289
56310 997
386
885096184
80318 2188
387
1613742311
19713 4807
388
1246227501
128659 1906
389
819114008
171237 3472
390
1523394388
174318 1881
391
339004645
187975 2162
392
1141902554
179344 350
393
1561567495
127321 3730
394
712241083
165962 4885
395
607991221
172946 2039
396
1491355025
191116 4043
397
835820926
185867 3920
398
1238265258
65217 2953
399
1181516003
21060 4102
400
1332797191
15613 1205
401
139463572
76222 996
402
65243605
120270 488
403
1697909065
89403 460
404
1279702161
86773 140
405
905374033
197131 1937
406
520371101
33823 1690
407
1118242589
135921 3773
408
827442095
169433 3270
409
1117455380
32082 943
410
4246579
133214 4123
411
384957490
104439 4300
412
792593978
106616 4805
413
1738765083
98248 2210
414
2045972309
151893 2383
415
1760709189
11030 1890
416
1427805492
107712 2378
417
1997728554
190112 4565
418
467509163
64178 4548
419
1613748597
151308 282
420
1206563379
132564 4636
421
1150787915
100191 1563
422
784518342
76915 1964
423
112579805
71590 4710
424
1562506610
132354 608
425
354849468
175432 2358
426
490113213
93347 3966
427
228107078
19527 4523
428
887389820
89625 1982
429
812591086
31976 4752
430
527254380
179915 2759
431
2088657405
92477 2504
432
502113661
88030 1837
433
633489586
110791 1143
434
897990994
148461 2523
435
1566328779
1347 253
436
1668412711
162425 985
437
648874869
56379 1520
438
246720690
182208 1045
439
722646239
40476 3919
440
1206095560
93553 345
441
287264501
4042 3129
442
1395390380
5910 2391
443
855266081
100397 1530
444
1206169266
22298 515
445
1165919056
141943 2504
446
1251551358
29580 4467
447
1686025982
80728 1094
448
432769252
120978 3106
449
1588475713
17381 4940
450
1693480736
47421 2841
451
1403811344
124362 616
452
1902273025
33797 1690
453
376662720
144401 3193
454
1742481415
77726 2652
455
87846451
142285 1663
456
374331465
83693 3291
457
1822981365
191846 3244
458
1776941417
125773 2079
459
1797944326
75374 4476
460
790936235
169134 3775
461
1972311748
7982 1438
462
1771483559
105789 3608
463
1726159107
33607 4752
464
982782976
94230 1685
465
1159819255
120625 1955
466
277299404
134915 1056
467
1267660611
45344 608
468
270086234
11831 585
469
870706452
160482 4232
470
570755898
86216 12
471
496406746
144759 4175
472
1592033922
31849 3707
473
280474564
12603 4590
474
1103041389
112019 2270
475
1290563795
164327 256
476
1970499465
13351 3429
477
685011941
173554 1190
478
1677973727
196026 60
479
1604049873
112685 4455
480
601368190
30606 4633
481
283853622
141965 4242
482
1614799379
22318 3185
483
958987851
172942 124
484
1787677254
144245 3615
485
1367476644
190233 573
486
1286277046
154600 3770
487
387720810
167517 4139
488
1239569297
143092 1932
489
258907198
102529 1072
490
399685352
98236 4008
491
1060910986
158817 2426
492
983740657
128765 726
493
620119225
110209 2984
494
288981153
145600 1740
495
707077458
54043 3016
496
1978583821
63833 1390
497
1175065512
123457 1544
498
1655991351
127521 3425
499
1823335544
55086 2094
500
873083643
65288 2853
501
2091383621
186886 984
502
2074387204
151563 2554
503
1905647388
180639 3405
504
851665075
100287 2463
505
1246253276
92747 4736
506
1321741100
51963 1404
507
1993644744
114117 2333
508
1271302056
185350 182
509
1728901858
75895 1308
510
1782482821
173547 1910
511
541515275
45123 3389
512
1476536186
119094 4029
513
197325210
35184 2845
514
480653976
150113 1757
515
66274233
14712 4916
516
1665834702
150358 2990
517
1800484968
185749 3728
518
1023806157
154524 596
519
6080967
71617 587
520
1690773062
161624 2718
521
1938183612
114257 1310
522
246015403
183204 3775
523
653560271
183772 644
524
1300609429
3003 3244
525
855449509
67347 1769
526
492019781
112949 2248
527
1834248485
172726 1395
528
1291621554
101127 393
529
782471927
192354 3391
530
641868473
42960 970
531
1596141213
77383 2104
532
1465846581
108583 4890
533
938535714
46996 4630
534
2058743002
12710 2731
535
1308036067
159266 4150
536
899719112
8111 466
537
631738521
133735 2491
538
568779254
26154 791
539
668878973
112977 4643
540
183263676
70387 1083
541
2059213796
134257 2143
542
1911630267
121658 4287
543
168189032
47205 3124
544
626505412
154505 4731
545
374229835
103738 3111
546
1312234555
10098 1119
547
2062051412
150357 4805
548
600757958
58148 332
549
1727949095
47601 3864
550
422858518
165781 3846
551
202283398
77956 539
552
1137074133
38292 1012
553
879313102
4675 476
554
685898175
189281 792
555
445687634
183085 4301
556
910198851
125798 1452
557
1761894435
117200 661
558
1589053152
107574 1312
559
1349400634
150947 2077
560
1666028763
118492 1052
561
579863488
85887 828
562
1813924063
132906 969
563
127179950
99130 2583
564
1635670325
109522 3620
565
1370074057
45625 2701
566
1158899594
91637 2866
567
1329720681
121354 4332
568
1038395435
78390 3982
569
2060580694
90491 3458
570
1569930455
80060 9
571
825899885
128346 1863
572
156809840
96810 3496
573
2061829253
36492 1394
574
1389262541
172228 2512
575
931405732
60961 1137
576
116109639
74113 4750
577
54539042
77334 4037
578
733312135
176701 2165
579
885037083
41519 3418
580
30833497
167130 2900
581
825870332
57497 430
582
10646624
61296 2741
583
1984872675
147316 719
584
955351464
99813 2354
585
164007630
38723 4789
586
1086015792
57679 3040
587
1676056206
24416 1939
588
1391764136
151928 665
589
869218511
59684 1278
590
1413344444
36640 3303
591
1708036172
170095 2067
592
1468539253
182229 2771
593
1047188958
52293 4659
594
980116789
5197 3448
595
1223065512
152784 2050
596
1101942567
57924 4510
597
647325269
47904 978
598
592090080
14419 2548
599
1008124907
118372 2229
600
979555401
82959 4057
601
984163185
119282 3115
602
707306203
43597 4008
603
2028306196
33577 3524
604
513253489
88359 4992
605
394181731
169524 1249
606
883877895
178661 968
607
1789139578
35009 2575
608
1612228081
84826 2691
609
944006654
82865 4795
610
1623077642
133278 3697
611
1014368519
174485 4433
612
2037819316
144886 4068
613
963984133
20409 3608
614
471702644
69513 517
615
335435034
59611 3979
616
1007058732
15813 4797
617
1233259289
182268 1684
618
1435438090
170634 1545
619
1751918592
46143 3447
620
1147494511
52846 4728
621
894588485
157882 842
622
1042664488
24078 2193
623
226957590
48039 1392
624
1944830570
191854 232
625
812110638
191071 2703
626
820748359
114388 365
627
803385991
40407 4667
628
673689910
57528 1886
629
1791000034
87988 4016
630
1763112102
50013 4317
631
270875046
133883 3916
632
251424910
53367 3711
633
976407875
124728 1464
634
628153614
56762 703
635
1123051759
41036 831
636
1317041258
190437 945
637
814566680
67797 3257
638
1496037558
11576 2513
639
1125869992
168338 2425
640
826529197
187792 2269
641
1205762745
46966 4286
642
343109966
122226 1089
643
875297558
49040 3580
644
913344770
151794 406
645
361980510
81085 2297
646
1418619680
92795 2193
647
821646694
34054 4931
648
592625101
153715 1392
649
1815288587
107099 2159
650
1973050457
109743 712
651
1639839267
197784 2152
652
1097526085
127236 3156
653
1359142689
83648 4077
654
1307205997
11869 2531
655
2000036950
2196 2831
656
391393704
14561 449
657
1131552651
10426 4846
658
569099425
164891 107
659
2079023578
12964 808
660
1657094315
29820 4446
661
9323939
102977 4524
662
954224687
30285 4782
663
1471838748
87035 2569
664
347623145
18432 3205
665
2085808058
170573 3893
666
464771421
96344 636
667
297178509
12882 3914
668
109473826
30291 4524
669
1998459547
51803 879
670
892814810
139549 4258
671
147792415
114771 1977
672
1260431584
142846 4042
673
952379154
69054 410
674
2025246484
122182 4550
675
102517037
4733 2018
676
1701934796
194645 1779
677
210361105
119980 1969
678
678919923
103109 2147
679
1427131250
107000 3634
680
822535453
131391 1269
681
222439654
98344 3210
682
277083063
58483 3120
683
1717315110
40662 696
684
1923445759
49569 3882
685
849390297
171817 4385
686
173911494
130053 3894
687
381442841
111020 4633
688
483080403
56962 946
689
1605254862
186751 3869
690
1323771361
181221 3073
691
1468572764
120986 2875
692
1435398767
153367 4896
693
2091215031
188324 3705
694
88391089
67092 1236
695
1621026110
46817 1528
696
1982004610
9187 3450
697
1193991215
54548 356
698
1643181871
70715 1023
699
836240118
51800 345
700
203161980
133042 4642
701
1380265889
112422 3407
702
1828997623
135158 4206
703
1987142667
24902 776
704
1037297471
149488 3453
705
898071884
142688 385
706
920491148
12281 2471
707
1766095145
184638 11
708
13627499
89570 2050
709
1079973229
191581 4463
710
502409521
62871 2289
711
1634061847
176611 3607
712
382700881
104441 2284
713
889288580
4771 1521
714
379888749
163237 20
715
3090637
134592 4999
716
1335701372
50889 173
717
1104275639
160205 1094
718
1966758691
47044 4905
719
1463901355
85515 2941
720
1814689503
192162 201
721
1544435610
1415 1118
722
107957892
115196 2774
723
1794122246
23400 800
724
1781761497
131994 4339
725
429090875
166331 311
726
1067424635
172672 774
727
1386303938
94055 1122
728
909746580
12470 1260
729
25615889
3212 4945
730
210052305
85345 2807
731
668480142
64738 4552
732
2058281857
59252 84
733
1533988434
48721 4995
734
926267407
15365 3798
735
869762407
125569 2759
736
1832842057
147229 1380
737
111336328
178346 1466
738
1869646782
16346 3759
739
70186611
12313 404
740
994655712
14823 438
741
2056716054
133543 4671
742
1419229804
131863 175
743
1617981160
179935 3738
744
381941021
164537 197
745
1362836464
97420 2844
746
1766389077
121751 8
747
1589617171
102259 3262
748
401562881
142611 4305
749
1817228141
63913 4848
750
1792350136
163400 4179
751
523299709
194126 1128
752
351925387
195092 2004
753
443580992
132188 2622
754
212646921
168663 3883
755
774449746
189315 630
756
318046750
103082 127
757
461116269
158195 2317
758
782193050
85333 3331
759
1383879412
110749 4703
760
668019356
102123 3034
761
2051693069
56263 4684
762
286184308
63011 3480
763
1075246737
82243 1709
764
511041004
86512 59
765
2066280051
189485 4400
766
988171201
122881 1912
767
1588869011
6372 1157
768
2001407201
145894 2478
769
1827548251
98316 2854
770
1134501166
7517 3626
771
72153862
34918 1304
772
1623308712
157493 4383
773
1297972772
117832 1639
774
301778405
142612 4022
775
1287198851
23485 1182
776
709432082
150028 4625
777
2014395725
178216 2254
778
1647644831
80012 993
779
1653270208
173279 3455
780
850496762
150800 3687
781
1395985044
190559 1214
782
676551134
49330 3797
783
576225978
88091 4843
784
860318661
178602 1523
785
492374965
83056 1496
786
21278528
111262 1702
787
128438152
51217 1423
788
110385423
99826 188
789
110828739
171636 543
790
1517268726
25993 1007
791
1258409158
117381 977
792
1350809453
38275 1373
793
1446355757
146046 3184
794
489041244
129711 2067
795
1374650787
115733 1898
796
1421314901
158372 3728
797
1574195287
64998 3329
798
1589626539
41998 4520
799
409885328
20882 2079
800
1012133666
91032 345
801
226345434
125163 2572
802
1541645010
180546 1759
803
2053339022
153842 4947
804
1904551996
58316 2101
805
856526178
172857 4376
806
664064363
141891 3575
807
593299738
34667 2010
808
94933853
29923 2043
809
1925506603
189395 1277
810
622314449
46917 239
811
1915124159
151204 3206
812
243796903
41809 3394
813
684677907
170960 4729
814
1767089203
80865 426
815
1527906765
131725 851
816
1456296533
97200 3771
817
1588240981
136899 3710
818
1019829328
199820 4162
819
2001445654
1504 4451
820
1543645390
142086 2466
821
646644282
104636 764
822
984962995
116884 2099
823
2040246021
97502 1166
824
1591849950
75070 3810
825
1470619088
101719 639
826
50215525
141356 32
827
1669485992
120703 75
828
1491627891
132964 187
829
921050776
16132 1825
830
507467681
164860 1399
831
1382489842
60626 1415
832
1087870501
23892 29
833
1687495656
38269 772
834
1671695600
96483 4439
835
715083498
31939 3585
836
588206948
535 2576
837
241923447
107595 4001
838
813470439
12965 4625
839
1088615431
19696 3918
840
497532490
81424 884
841
792841984
76669 4013
842
786715015
170857 4910
843
1479181728
127473 4096
844
1511013126
133532 3235
845
396835589
155759 651
846
78931511
78369 4933
847
1135220871
42667 3831
848
868909290
94912 3001
849
323687101
13179 523
850
1012771177
10453 1752
851
1399869373
128792 2978
852
2050106137
98052 4156
853
2088884498
132614 4210
854
1170481615
90689 546
855
976637768
147742 2560
856
483072473
81509 772
857
603457226
43761 2067
858
863138625
71523 2007
859
1850414888
144913 2408
860
250178169
67119 2001
861
1746533838
170467 2603
862
202798902
97626 3800
863
643288177
74448 3207
864
1598663655
28273 1133
865
754088335
42680 4115
866
181456099
198769 289
867
52663931
84352 1544
868
923125210
24402 910
869
1868624525
40657 3205
870
706203387
95042 3281
871
1704777276
120687 4350
872
1674766495
171722 1273
873
951028473
196351 3920
874
1919089932
96318 1373
875
1315085759
37456 1261
876
1816484745
119731 4773
877
584858243
118357 4856
878
1797686907
6545 1779
879
1240755638
147351 1511
880
1083465730
149317 3810
881
24842038
175249 1279
882
326583589
153194 3310
883
951017266
124217 99
884
1940129585
16744 3877
885
202340744
83502 96
886
396236186
60769 210
887
938934138
143307 3569
888
1905555535
164716 3683
889
2016983415
169554 3641
890
663624447
29434 2102
891
1551188993
168252 1985
892
1264436626
86428 2790
893
1160880853
182615 1503
894
54271111
39246 9
895
2086673530
62009 2402
896
1890913724
43769 2807
897
1041108653
3648 4133
898
1457375894
189906 3794
899
843860239
175268 3302
900
1463502921
190347 225
901
1911582662
33666 607
902
2042517884
4151 1016
903
1633958583
133049 2627
904
979876412
20633 1464
905
206053452
120693 2547
906
473595857
141305 2611
907
2097079213
168902 3573
908
1935651214
64641 4884
909
606412439
99294 286
910
137922170
153148 4525
911
799899141
108941 1511
912
563791162
150891 4052
913
267390732
81954 4683
914
347191359
20697 713
915
1191734881
86080 4825
916
2037282800
87391 810
917
662534440
38609 3680
918
1749098255
194431 2919
919
904562888
3489 4589
920
1728428891
96831 1768
921
882988451
49364 4347
922
633871579
124732 3065
923
143072672
85564 1130
924
595620377
165719 2526
925
1262232505
196540 2186
926
884215315
140963 2109
927
754603194
146570 2386
928
1436331583
136984 4768
929
1012194189
144817 3463
930
1172882375
191825 623
931
1572633747
118060 3751
932
335481487
183596 2735
933
156447663
892 793
934
241845093
148689 4754
935
1440748452
14793 1136
936
798039103
179243 1499
937
1341378501
178234 3319
938
1865734675
6694 3
939
324497878
29710 4283
940
555522927
148851 3643
941
1580994126
17318 568
942
1910845872
157742 1130
943
30021664
104520 235
944
2095546415
156638 3627
945
1856326537
145609 4414
946
1568847221
20524 3142
947
920833077
45544 913
948
1447096882
146965 1072
949
1158647677
83913 1904
950
898446379
157991 2132
951
1402390110
10843 4935
952
1313376539
19978 1857
953
1206500635
188499 3782
954
754667024
130230 4572
955
1322473327
96204 4888
956
1835072363
90763 2460
957
394360966
164143 334
958
2059525203
76646 2576
959
1969392861
170751 892
960
1146419724
147322 3107
961
515316347
197223 1613
962
1063591985
126331 3602
963
1590720756
4820 808
964
1306039941
88097 755
965
159524564
90458 817
966
1251682226
15962 3690
967
868869422
29789 1298
968
627257795
74794 1104
969
1374215214
76715 2867
970
2060154380
22672 329
971
1777489063
33253 1195
972
1711116680
39028 4880
973
476680883
108618 2226
974
567975322
187636 4764
975
1940544693
83206 886
976
19749499
173834 1065
977
276217851
196004 1666
978
2094078337
59888 1496
979
1037072796
88494 2749
980
2017643732
178421 2217
981
900634132
41076 3818
982
1445680361
179301 4494
983
1179493735
147639 2372
984
1402421674
67257 1321
985
369447849
77549 3989
986
1117613532
73844 1516
987
1985746651
74408 414
988
878872291
151397 1734
989
21855047
84490 3056
990
24109509
104034 4552
991
2064232078
86100 4452
992
1163057088
40843 3909
993
243484611
183357 1362
994
99807631
49948 3881
995
1537259548
3478 2068
996
816238602
101271 1296
997
1881199552
135672 4306
998
710488608
60074 4075
999
1309447919
40828 3510
1000
1587722884
189353 3783
